daily_return,total assets,day
0.0,100000.0,6
112.43017578125,100112.43017578125,7
-505.580078125,99606.85009765625,8
192.08935546875,99798.939453125,9
534.240234375,100333.1796875,10
4604.65087890625,104937.83056640625,11
40.259765625,104978.09033203125,12
631.9619140625,105610.05224609375,13
2742.9609375,108353.01318359375,14
-2433.9638671875,105919.04931640625,15
-1252.640625,104666.40869140625,16
2351.970703125,107018.37939453125,17
1047.1171875,108065.49658203125,18
4963.6845703125,113029.18115234375,19
398.0,113427.18115234375,20
-838.0810546875,112589.10009765625,21
1027.359375,113616.45947265625,22
5366.3408203125,118982.80029296875,23
-6814.078125,112168.72216796875,24
3050.38671875,115219.10888671875,25
-2355.6796875,112863.42919921875,26
2530.0146484375,115393.44384765625,27
564.796875,115958.24072265625,28
-1249.7119140625,114708.52880859375,29
-972.3203125,113736.20849609375,30
818.37109375,114554.57958984375,31
4063.5234375,118618.10302734375,32
-301.7041015625,118316.39892578125,33
1259.125,119575.52392578125,34
-1423.4541015625,118152.06982421875,35
-2254.3203125,115897.74951171875,36
-967.326171875,114930.42333984375,37
722.875,115653.29833984375,38
-1968.6748046875,113684.62353515625,39
-4819.6015625,108865.02197265625,40
443.7958984375,109308.81787109375,41
1752.40625,111061.22412109375,42
-50.052734375,111011.17138671875,43
-1651.28125,109359.89013671875,44
-990.8486328125,108369.04150390625,45
-2196.08203125,106172.95947265625,46
1096.54931640625,107269.5087890625,47
-30.3203125,107239.1884765625,48
1862.4921875,109101.6806640625,49
-754.078125,108347.6025390625,50
-2640.47314453125,105707.12939453125,51
-3871.6796875,101835.44970703125,52
206.64013671875,102042.08984375,53
-857.59765625,101184.4921875,54
-1118.34228515625,100066.14990234375,55
98.72265625,100164.87255859375,56
-2090.06982421875,98074.802734375,57
2692.796875,100767.599609375,58
-594.62841796875,100172.97119140625,59
701.19921875,100874.17041015625,60
425.5224609375,101299.69287109375,61
816.0,102115.69287109375,62
691.1982421875,102806.89111328125,63
-1646.23828125,101160.65283203125,64
1073.60595703125,102234.2587890625,65
161.76171875,102396.0205078125,66
218.34228515625,102614.36279296875,67
-426.5625,102187.80029296875,68
-836.45947265625,101351.3408203125,69
-5967.6796875,95383.6611328125,70
1088.09912109375,96471.76025390625,71
-2596.48046875,93875.27978515625,72
-2092.1396484375,91783.14013671875,73
2603.6015625,94386.74169921875,74
-1968.93017578125,92417.8115234375,75
935.80078125,93353.6123046875,76
-458.01123046875,92895.60107421875,77
2355.498046875,95251.09912109375,78
316.0810546875,95567.18017578125,79
66.0986328125,95633.27880859375,80
-421.2861328125,95211.99267578125,81
-6460.5029296875,88751.48974609375,82
709.1103515625,89460.60009765625,83
107.5,89568.10009765625,84
683.5517578125,90251.65185546875,85
-1555.1025390625,88696.54931640625,86
571.1396484375,89267.68896484375,87
-2536.8994140625,86730.78955078125,88
2833.73876953125,89564.5283203125,89
1857.001953125,91421.5302734375,90
-163.62158203125,91257.90869140625,91
2283.603515625,93541.51220703125,92
-761.31298828125,92780.19921875,93
679.599609375,93459.798828125,94
374.31298828125,93834.11181640625,95
343.5986328125,94177.71044921875,96
1650.87158203125,95828.58203125,97
-830.5029296875,94998.0791015625,98
-289.1689453125,94708.91015625,99
-4117.998046875,90590.912109375,100
582.837890625,91173.75,101
-1658.9990234375,89514.7509765625,102
83.15771484375,89597.90869140625,103
380.703125,89978.61181640625,104
751.68017578125,90730.2919921875,105
3821.0986328125,94551.390625,106
5213.6103515625,99765.0009765625,107
497.3974609375,100262.3984375,108
864.720703125,101127.119140625,109
-901.83984375,100225.279296875,110
586.44140625,100811.720703125,111
-6.3984375,100805.322265625,112
2633.57666015625,103438.89892578125,113
5705.27734375,109144.17626953125,114
-2185.91455078125,106958.26171875,115
-1838.48046875,105119.78125,116
1920.8671875,107040.6484375,117
217.125,107257.7734375,118
236.7861328125,107494.5595703125,119
-303.8396875000035,107190.7198828125,120
-3600.3599999999997,103590.3598828125,121
-1244.239999999998,102346.1198828125,122
-519.840000000002,101826.2798828125,123
-1062.0799999999945,100764.1998828125,124
-3613.8599999999997,97150.3398828125,125
285.0399999999936,97435.3798828125,126
-1050.1199999999944,96385.2598828125,127
-1589.4400000000023,94795.8198828125,128
-4025.8799999999974,90769.93988281251,129
2099.439999999995,92869.3798828125,130
-3451.6799999999957,89417.6998828125,131
888.1599999999962,90305.85988281251,132
242.64000000000033,90548.4998828125,133
-251.1999999999989,90297.2998828125,134
-880.739999999997,89416.55988281251,135
1088.100000000004,90504.65988281251,136
235.88999999999214,90740.5498828125,137
2459.0000000000055,93199.54988281251,138
-1411.829999999999,91787.71988281251,139
823.0999999999949,92610.8198828125,140
-1777.8599999999997,90832.9598828125,141
1802.3000000000047,92635.2598828125,142
-1008.4500000000016,91626.80988281251,143
1581.7000000000007,93208.5098828125,144
1665.7199999999993,94874.2298828125,145
432.29999999999563,95306.5298828125,146
-503.36999999999443,94803.15988281251,147
1773.800000000001,96576.95988281252,148
1904.7599999999948,98481.7198828125,149
-491.1999999999989,97990.51988281251,150
-620.3700000000026,97370.1498828125,151
474.8000000000029,97844.9498828125,152
1401.0300000000007,99245.9798828125,153
635.760000000002,99881.73988281252,154
-113.93999999999869,99767.79988281251,155
812.7999999999956,100580.5998828125,156
-5119.469999999999,95461.1298828125,157
-2109.279999999999,93351.8498828125,158
-558.9000000000033,92792.9498828125,159
-1928.7200000000012,90864.2298828125,160
673.920000000001,91538.14988281249,161
288.40000000000146,91826.5498828125,162
-76.5,91750.04988281248,163
306.00000000000364,92056.0498828125,164
1489.590000000002,93545.6398828125,165
-46.00000000000364,93499.6398828125,166
274.40999999999804,93774.04988281248,167
-260.19999999999527,93513.8498828125,168
-2123.8200000000043,91390.0298828125,169
901.0000000000036,92291.0298828125,170
245.15999999999804,92536.1898828125,171
1211.300000000001,93747.48988281249,172
1937.5199999999977,95685.00988281248,173
-129.70000000000255,95555.30988281248,174
-102.14999999999509,95453.15988281248,175
-1152.2000000000025,94300.95988281249,176
-1340.4599999999964,92960.4998828125,177
485.29999999999745,93445.79988281248,178
1635.75,95081.54988281248,179
-326.1999999999989,94755.34988281249,180
-379.53000000000065,94375.81988281247,181
236.00000000000364,94611.81988281249,182
-323.4600000000046,94288.35988281248,183
-335.19999999999527,93953.15988281248,184
-481.59000000000196,93471.56988281247,185
740.9999999999945,94212.56988281247,186
412.1099999999997,94624.67988281247,187
-341.69999999999163,94282.97988281249,188
131.75999999999476,94414.73988281249,189
492.79999999999745,94907.53988281247,190
-86.30999999999312,94821.22988281248,191
-571.1000000000058,94250.12988281249,192
-2963.6099999999997,91286.51988281248,193
183.40000000000146,91469.91988281248,194
102.68999999999869,91572.60988281248,195
49.40000000000509,91622.00988281249,196
2750.489999999997,94372.4998828125,197
-4.30000000000291,94368.19988281248,198
-465.11999999999443,93903.07988281248,199
-677.2000000000025,93225.87988281249,200
-101.70000000000164,93124.17988281249,201
237.79999999999745,93361.97988281248,202
-61.559999999993124,93300.41988281248,203
48.09999999999491,93348.51988281248,204
-102.78000000000065,93245.73988281249,205
201.00000000000364,93446.73988281249,206
-175.95000000000164,93270.78988281249,207
-15.399999999999636,93255.38988281248,208
50.67000000000098,93306.0598828125,209
60.10000000000218,93366.15988281248,210
-1383.840000000002,91982.31988281249,211
16.400000000003274,91998.7198828125,212
-149.94000000000688,91848.7798828125,213
601.7000000000007,92450.47988281248,214
95.93999999999869,92546.41988281248,215
-271.7999999999938,92274.61988281249,216
133.82999999999902,92408.44988281248,217
435.29999999999745,92843.74988281248,218
372.1500000000033,93215.89988281249,219
691.3000000000011,93907.19988281248,220
-687.7800000000007,93219.41988281248,221
-681.0000000000036,92538.41988281248,222
212.40000000000327,92750.81988281249,223
20.50000000000182,92771.31988281249,224
-360.0,92411.31988281249,225
-117.80000000000655,92293.51988281247,226
-5590.259999999995,86703.25988281248,227
-903.2000000000062,85800.05988281248,228
-652.3199999999961,85147.73988281249,229
-212.20000000000255,84935.53988281249,230
622.8900000000003,85558.42988281249,231
-7520.500000000002,78037.92988281247,232
-4615.819999999999,73422.10988281248,233
1503.0000000000018,74925.10988281248,234
-2598.530000000005,72326.57988281248,235
-188.29999999999927,72138.27988281248,236
-5129.849999999994,67008.42988281247,237
1550.519999999995,68558.94988281248,238
-2539.2399999999966,66019.70988281249,239
499.0799999999963,66518.78988281247,240
5677.100000000004,72195.88988281248,241
257.11746287999995,72453.00734569249,242
-3400.513975559998,69052.49337013248,243
2368.841695799996,71421.33506593248,244
-972.3202797099948,70449.01478622248,245
-2948.965886400005,67500.04889982248,246
690.3925913499988,68190.44149117247,247
-2434.78851744,65755.65297373247,248
-3027.610336269998,62728.04263746249,249
-1213.9742818800023,61514.06835558249,250
730.3076842099999,62244.37603979249,251
1657.4346991200036,63901.81073891249,252
-1450.5176011299995,62451.293137782486,253
-936.8150498399991,61514.478087942494,254
810.7068992099976,62325.18498715249,255
-2079.2746368000007,60245.9103503525,256
-925.5024338299977,59320.4079165225,257
-68.67741348000345,59251.73050304249,258
209.00595209000448,59460.73645513249,259
4102.36028482,63563.096739952496,260
1952.5267733399996,65515.62351329249,261
698.4829182799995,66214.1064315725,262
5050.375697379997,71264.48212895248,263
-2854.769831999998,68409.7122969525,264
1529.3043589199992,69939.01665587249,265
-182.42606447999788,69756.5905913925,266
1035.0450882199957,70791.63567961249,267
-3157.3030214400005,67634.3326581725,268
543.489830390005,68177.8224885625,269
-2429.5677738000013,65748.2547147625,270
3498.1057240999985,69246.3604388625,271
-1242.118944599999,68004.2414942625,272
592.0706297999991,68596.3121240625,273
-1479.026896200001,67117.28522786249,274
1310.655213790002,68427.94044165249,275
1198.6724350800014,69626.6128767325,276
-1386.6842364700015,68239.9286402625,277
251.71560239999963,68491.6442426625,278
-162.80106309999792,68328.84317956251,279
2777.258692919997,71106.1018724825,280
-667.9971674999997,70438.1047049825,281
67.19654724000065,70505.3012522225,282
57.8288081800024,70563.1300604025,283
-4276.46025516,66286.6698052425,284
109.73040675999755,66396.4002120025,285
-312.7739045999988,66083.6263074025,286
-1408.5229880800007,64675.1033193225,287
1837.189833839997,66512.29315316249,288
-979.9009446199998,65532.39220854249,289
291.9799333200044,65824.37214186249,290
306.2421775400003,66130.61431940249,291
-248.69449608000104,65881.9198233225,292
919.4760888299975,66801.3959121525,293
-1785.7668280199978,65015.629084132495,294
-324.7549788600031,64690.874105272494,295
342.5353584000022,65033.4094636725,296
-252.90181956000106,64780.5076441125,297
188.90921832000276,64969.416862432496,298
-14.294973160001518,64955.121889272494,299
37.723709939999026,64992.845599212495,300
-240.43078071999753,64752.4148184925,301
-1589.213093160004,63163.201725332496,302
-290.33576182000024,62872.86596351249,303
532.9062037600006,63405.77216727249,304
-369.0570479699968,63036.7151193025,305
422.1369542600005,63458.85207356249,306
430.50020558999586,63889.352279152496,307
-798.6644595999996,63090.68781955249,308
-63.16933363000135,63027.5184859225,309
100.8460993400031,63128.36458526249,310
-683.6663711799993,62444.6982140825,311
-200.14504594000118,62244.5531681425,312
3475.013191259999,65719.5663594025,313
61.92696776000321,65781.4933271625,314
246.7989989399971,66028.2923261025,315
-584.6066252599976,65443.6857008425,316
66.27422399000125,65509.9599248325,317
-257.49650748000386,65252.4634173525,318
-197.46522210999547,65054.9981952425,319
47.15739167999709,65102.1555869225,320
116.69760089000192,65218.85318781251,321
528.5856181199997,65747.4388059325,322
3144.4163454599975,68891.8551513925,323
376.5591991200017,69268.4143505125,324
685.4393292500022,69953.85367976251,325
-548.4271862400037,69405.42649352251,326
668.3086898800007,70073.7351834025,327
1644.0039111600017,71717.73909456251,328
-4317.29349142,67400.4456031425,329
867.2263528799976,68267.6719560225,330
-368.3986493200018,67899.2733067025,331
-39.72547164000025,67859.5478350625,332
48.59142990000146,67908.1392649625,333
57.581641560002026,67965.7209065225,334
62.8076087599984,68028.5285152825,335
-206.87288867999996,67821.6556266025,336
-1113.0428519599982,66708.6127746425,337
1617.8160559200005,68326.42883056251,338
98.37828156000069,68424.80711212251,339
90.50047079999604,68515.3075829225,340
-134.58465214999978,68380.72293077249,341
746.1854265599995,69126.90835733249,342
-152.28089161999787,68974.6274657125,343
-556.4700948000009,68418.1573709125,344
51.075560640000276,68469.2329315525,345
-29.268485760001568,68439.9644457925,346
229.4753423300035,68669.4397881225,347
438.5048313599982,69107.9446194825,348
1141.59131398,70249.5359334625,349
-281.9630889600012,69967.5728445025,350
94.61927228000013,70062.1921167825,351
464.19377784000244,70526.38589462251,352
211.71928075999995,70738.1051753825,353
-697.7926980000011,70040.3124773825,354
-69.66368929000191,69970.6487880925,355
142.29826872000376,70112.9470568125,356
-177.55489167000405,69935.39216514249,357
-709.1715364800002,69226.2206286625,358
286.13193323000087,69512.3525618925,359
1223.8251246,70736.1776864925,360
-233.46804194999822,70502.7096445425,361
351.20868983999935,70853.9183343825,362
107.7120729100061,70961.63040729251,363
-15.06946176000929,70946.56094553249,364
686.1240655100028,71632.6850110425,365
8660.337096000007,80293.0221070425,366
1210.8718280099893,81503.89393505249,367
-602.6763292799988,80901.21760577249,368
1252.7054356300087,82153.92304140251,369
277.6330545599958,82431.5560959625,370
1529.8778236499948,83961.4339196125,371
1090.4886030000052,85051.9225226125,372
-932.9392811200023,84118.9832414925,373
1435.121882760006,85554.1051242525,374
-2860.7061589700015,82693.3989652825,375
300.6148749599961,82994.0138402425,376
77.52415824999753,83071.5379984925,377
853.6296489600063,83925.1676474525,378
-1106.7528401600057,82818.41480729249,379
2021.411359800004,84839.8261670925,380
180.1664657099982,85019.99263280249,381
557.3701232399981,85577.3627560425,382
59.696090520000325,85637.05884656249,383
408.88219404000483,86045.9410406025,384
-256.90147009999873,85789.0395705025,385
1018.007482680001,86807.0470531825,386
1902.9631546200017,88710.0102078025,387
-1289.9450242800049,87420.06518352249,388
-2797.861915200002,84622.20326832248,389
825.9918342000019,85448.1951025225,390
-121.62862810999741,85326.5664744125,391
168.47944759999336,85495.04592201249,392
-415.6511783599917,85079.39474365249,393
1240.4899106399935,86319.88465429249,394
571.6743341099982,86891.5589884025,395
1231.0389728400078,88122.5979612425,396
2893.0630868699973,91015.6610481125,397
754.5367768799988,91770.1978249925,398
-390.0494665099968,91380.1483584825,399
-489.01425830000335,90891.1341001825,400
909.6396413500015,91800.7737415325,401
1529.5580658000017,93330.33180733249,402
2112.785024899993,95443.1168322325,403
2043.2028494000042,97486.3196816325,404
9085.149958060003,106571.46963969251,405
-2324.001742500004,104247.4678971925,406
9267.979787110002,113515.44768430252,407
1795.0101639999957,115310.45784830251,408
1896.76204668,117207.21989498251,409
-3202.582038999999,114004.63785598251,410
-4869.122169149996,109135.51568683251,411
-726.8781251000019,108408.63756173251,412
8338.33608354,116746.9736452725,413
-2193.806187,114553.16745827251,414
-134.83163996999974,114418.33581830253,415
-2832.6123321999967,111585.72348610254,416
1816.02157644,113401.74506254251,417
1055.2484477999951,114456.99351034252,418
586.5506391599984,115043.5441495025,419
6206.721760399996,121250.26590990252,419
