daily_return,total assets,day
0.0,100000.0,6
112.43017578125,100112.43017578125,7
-252.7900390625,99859.64013671875,8
64.02978515625,99923.669921875,9
133.56005859375,100057.22998046875,10
920.93017578125,100978.16015625,11
0.0,100978.16015625,12
0.0,100978.16015625,13
0.0,100978.16015625,14
270.4404296875,84590.3798828125,15
156.580078125,84746.9599609375,16
-261.330078125,84485.6298828125,17
-130.8896484375,84354.740234375,18
-551.5205078125,83803.2197265625,19
-99.5,66012.0595703125,20
186.240234375,66198.2998046875,21
-256.83984375,65941.4599609375,22
-1533.240234375,64408.2197265625,23
1703.51953125,66111.7392578125,24
-871.5390625,65240.2001953125,25
588.919921875,65829.1201171875,26
-722.861328125,65106.2587890625,27
-141.19921875,64965.0595703125,28
357.060546875,65322.1201171875,29
243.080078125,65565.2001953125,30
-233.8203125,65331.3798828125,31
-1015.880859375,64315.4990234375,32
86.201171875,64401.7001953125,33
-314.78125,64086.9189453125,34
406.701171875,64493.6201171875,35
563.580078125,65057.2001953125,36
276.37890625,65333.5791015625,37
-180.71875,65152.8603515625,38
562.478515625,65715.3388671875,39
1204.900390625,66920.2392578125,40
-126.798828125,66793.4404296875,41
-438.1015625,66355.3388671875,42
14.30078125,66369.6396484375,43
412.8203125,66782.4599609375,44
283.099609375,67065.5595703125,45
549.0205078125,67614.580078125,46
-313.2998046875,67301.2802734375,47
7.580078125,67308.8603515625,48
-532.140625,66776.7197265625,49
188.51953125,66965.2392578125,50
754.4208984375,67719.66015625,51
967.919921875,68687.580078125,52
-59.0400390625,68628.5400390625,53
107.19970703125,83910.41943359375,54
-0.0,98870.69970703125,55
12.34033203125,98883.0400390625,56
-464.4599609375,98418.580078125,57
1009.798828125,99428.37890625,58
-198.20947265625,99230.16943359375,59
262.94970703125,99493.119140625,60
141.8408203125,99634.9599609375,61
306.0,99940.9599609375,62
230.3994140625,100171.359375,63
-617.33935546875,99554.02001953125,64
357.86865234375,99911.888671875,65
60.66064453125,99972.54931640625,66
72.78076171875,100045.330078125,67
-159.9609375,99885.369140625,68
-278.81982421875,99606.54931640625,69
-2237.8798828125,97368.66943359375,70
362.69970703125,97731.369140625,71
-1298.240234375,96433.12890625,72
-929.83984375,95503.2890625,73
1301.80078125,96805.08984375,74
-875.080078125,95930.009765625,75
374.3203125,96304.330078125,76
-203.560546875,96100.76953125,77
942.19921875,97042.96875,78
140.48046875,97183.44921875,79
26.439453125,97209.888671875,80
-187.23828125,97022.650390625,81
-2584.201171875,94438.44921875,82
315.16015625,94753.609375,83
53.75,94807.359375,84
379.7509765625,95187.1103515625,85
-777.55126953125,94409.55908203125,86
317.2998046875,94726.85888671875,87
-1268.44970703125,93458.4091796875,88
1574.29931640625,95032.70849609375,89
928.5009765625,95961.20947265625,90
-90.90087890625,95870.30859375,91
1141.8017578125,97012.1103515625,92
-422.95166015625,96589.15869140625,93
339.7998046875,96928.95849609375,94
207.95166015625,97136.91015625,95
171.79931640625,97308.70947265625,96
917.15087890625,98225.8603515625,97
-415.25146484375,97810.60888671875,98
-160.6494140625,97649.95947265625,99
-2058.9990234375,95590.96044921875,100
323.798828125,95914.75927734375,101
-829.49951171875,95085.259765625,102
46.19873046875,95131.45849609375,103
190.3515625,95321.81005859375,104
417.60009765625,95739.41015625,105
1910.54931640625,97649.95947265625,106
2896.4501953125,100546.40966796875,107
198.958984375,100745.36865234375,108
288.240234375,101033.60888671875,109
-225.4599609375,100808.14892578125,110
130.3203125,100938.46923828125,111
-1.599609375,100936.86962890625,112
585.2392578125,101522.10888671875,113
1426.3193359375,102948.42822265625,114
-242.87939453125,102705.548828125,115
-229.81005859375,102475.73876953125,116
213.4296875,102689.16845703125,117
27.140625,102716.30908203125,118
26.3095703125,102742.61865234375,119
-37.97996093750044,102704.63869140625,120
-400.03999999999996,102304.59869140625,121
-311.0599999999995,101993.53869140625,122
-173.28000000000065,101820.25869140624,123
-398.2799999999979,101421.97869140624,124
-1204.62,100217.35869140625,125
106.8899999999976,100324.24869140625,126
-466.7199999999975,99857.52869140625,127
-794.7200000000012,99062.80869140624,128
-1789.2799999999988,97273.52869140625,129
1049.7199999999975,98323.24869140625,130
-1917.5999999999976,96405.64869140626,131
555.0999999999976,96960.74869140625,132
134.80000000000018,97095.54869140625,133
-125.59999999999945,96969.94869140626,134
-489.29999999999836,96480.64869140626,135
544.050000000002,97024.69869140626,136
131.04999999999563,97155.74869140625,137
1229.5000000000027,98385.24869140625,138
-784.3499999999995,97600.89869140626,139
411.54999999999745,98012.44869140626,140
-987.6999999999998,97024.74869140625,141
901.1500000000024,97925.89869140626,142
-560.2500000000009,97365.64869140626,143
790.8500000000004,98156.49869140625,144
925.3999999999996,99081.89869140626,145
216.14999999999782,99298.04869140625,146
-279.6499999999969,99018.39869140626,147
886.9000000000005,99905.29869140626,148
1058.199999999997,100963.49869140625,149
-245.59999999999945,100717.89869140626,150
-344.65000000000146,100373.24869140625,151
296.7500000000018,100669.99869140625,152
778.3500000000004,101448.34869140625,153
397.3500000000013,101845.69869140626,154
-63.29999999999927,101782.39869140626,155
507.99999999999727,102290.39869140626,156
-2844.1499999999996,99446.24869140625,157
-1318.2999999999993,98127.94869140626,158
-310.5000000000018,97817.44869140626,159
-1205.4500000000007,96611.99869140625,160
374.40000000000055,96986.39869140626,161
144.20000000000073,97130.59869140625,162
-42.5,97088.09869140625,163
153.00000000000182,97241.09869140625,164
827.5500000000011,98068.64869140626,165
-23.00000000000182,98045.64869140626,166
152.4499999999989,98198.09869140625,167
-130.09999999999764,98067.99869140625,168
-1179.9000000000024,96888.09869140625,169
450.5000000000018,97338.59869140625,170
136.1999999999989,97474.79869140625,171
605.6500000000005,98080.44869140626,172
1076.3999999999987,99156.84869140625,173
-64.85000000000127,99091.99869140625,174
-56.74999999999727,99035.24869140625,175
-576.1000000000013,98459.14869140626,176
-744.699999999998,97714.44869140626,177
242.64999999999873,97957.09869140625,178
908.75,98865.84869140625,179
-163.09999999999945,98702.74869140625,180
-210.85000000000036,98491.89869140626,181
118.00000000000182,98609.89869140626,182
-179.70000000000255,98430.19869140626,183
-167.59999999999764,98262.59869140625,184
-267.5500000000011,97995.04869140625,185
370.49999999999727,98365.54869140625,186
228.94999999999982,98594.49869140625,187
-170.84999999999582,98423.64869140626,188
73.19999999999709,98496.84869140625,189
246.39999999999873,98743.24869140625,190
-47.94999999999618,98695.29869140626,191
-285.5500000000029,98409.74869140625,192
-1646.4499999999998,96763.29869140625,193
91.70000000000073,96854.99869140625,194
57.04999999999927,96912.04869140625,195
24.700000000002547,96936.74869140625,196
1528.0499999999984,98464.79869140625,197
-2.150000000001455,98462.64869140624,198
-258.3999999999969,98204.24869140625,199
-338.6000000000013,97865.64869140626,200
-56.50000000000091,97809.14869140626,201
118.89999999999873,97928.04869140625,202
-34.19999999999618,97893.84869140625,203
24.049999999997453,97917.89869140626,204
-57.100000000000364,97860.79869140625,205
100.50000000000182,97961.29869140625,206
-97.75000000000091,97863.54869140625,207
-7.699999999999818,97855.84869140625,208
28.150000000000546,97883.99869140625,209
30.05000000000109,97914.04869140625,210
-768.8000000000011,97145.24869140625,211
8.200000000001637,97153.44869140626,212
-83.30000000000382,97070.14869140626,213
300.85000000000036,97370.99869140625,214
53.29999999999927,97424.29869140625,215
-135.8999999999969,97288.39869140626,216
74.34999999999945,97362.74869140625,217
217.64999999999873,97580.39869140626,218
206.75000000000182,97787.14869140626,219
345.65000000000055,98132.79869140625,220
-382.10000000000036,97750.69869140626,221
-340.5000000000018,97410.19869140626,222
118.00000000000182,97528.19869140626,223
10.25000000000091,97538.44869140626,224
-200.0,97338.44869140626,225
-58.900000000003274,97279.54869140625,226
-3105.699999999997,94173.84869140625,227
-451.6000000000031,93722.24869140625,228
-434.8799999999974,93287.36869140626,229
-127.32000000000153,93160.04869140625,230
415.2600000000002,93575.30869140624,231
-4512.300000000001,89063.00869140626,232
-2517.7199999999993,86545.28869140625,233
901.8000000000011,87447.08869140626,234
-1417.3800000000028,86029.70869140625,235
-112.97999999999956,85916.72869140626,236
-3264.449999999996,82652.27869140625,237
904.4699999999971,83556.74869140625,238
-1846.7199999999975,81710.02869140625,239
332.7199999999975,82042.74869140625,240
3930.3000000000025,85973.04869140625,241
192.83809715999996,86165.88678856625,242
-2092.623984959999,84073.26280360625,243
1579.2277971999974,85652.49060080625,244
-598.3509413599968,85054.13965944626,245
-1965.9772576000032,83088.16240184625,246
564.866665649999,83653.02906749625,247
-2028.9904311999999,81624.03863629625,248
-2561.824130689998,79062.21450560624,249
-1112.8097583900021,77949.40474721625,250
617.95265587,78567.35740308625,251
1657.4346991200036,80224.79210220625,252
-1338.9393241199996,78885.85277808625,253
-936.8150498399991,77949.03772824626,254
748.3448300399978,78697.38255828625,255
-2079.2746368000007,76618.10792148625,256
-854.3099389199979,75763.79798256626,257
-74.40053127000374,75689.39745129624,258
209.00595209000448,75898.40340338624,259
3809.33455019,79707.73795357626,260
1952.5267733399996,81660.26472691624,261
598.6996442399995,82258.96437115625,262
4273.394820859998,86532.35919201624,263
-2378.9748599999984,84153.38433201626,264
1058.7491715599995,85212.13350357625,265
-136.8195483599984,85075.31395521625,266
716.569676459997,85791.88363167625,267
-2367.9772660800004,83423.90636559625,268
418.0691003000038,83841.97546589625,269
-2227.103792650001,81614.87167324623,270
3229.0206683999986,84843.89234164625,271
-1242.118944599999,83601.77339704624,272
546.5267351999992,84148.30013224625,273
-1479.026896200001,82669.27323604624,274
1209.835581960002,83879.10881800624,275
1198.6724350800014,85077.78125308624,276
-1280.0162182800013,83797.76503480625,277
251.71560239999963,84049.48063720624,278
-150.27790439999808,83899.20273280624,279
2777.258692919997,86676.46142572624,280
-616.6127699999997,86059.84865572624,281
67.19654724000065,86127.04520296624,282
53.38043832000221,86180.42564128625,283
-4276.46025516,81903.96538612625,284
101.28960623999774,82005.25499236624,285
-312.7739045999988,81692.48108776624,286
-1300.1750659200006,80392.30602184625,287
1837.189833839997,82229.49585568624,288
-904.5239488799998,81324.97190680624,289
291.9799333200044,81616.95184012625,290
282.68508696000026,81899.63692708625,291
-248.69449608000104,81650.94243100625,292
848.7471589199977,82499.68958992625,293
-1530.657281159998,80969.03230876624,294
-299.7738266400029,80669.25848212624,295
342.5353584000022,81011.79384052625,296
-233.44783344000098,80778.34600708625,297
188.90921832000276,80967.25522540625,298
-13.195359840001402,80954.05986556623,299
32.334608519999165,80986.39447408624,300
-221.93610527999772,80764.45836880626,301
-1362.1826512800035,79402.27571752624,302
-268.0022416800002,79134.27347584625,303
494.84147492000056,79629.11495076623,304
-369.0570479699968,79260.05790279625,305
391.98431467000046,79652.04221746625,306
430.50020558999586,80082.54242305623,307
-741.6169981999997,79340.92542485624,308
-63.16933363000135,79277.75609122624,309
93.64280653000287,79371.39889775624,310
-683.6663711799993,78687.73252657623,311
-185.8489712300011,78501.88355534624,312
3475.013191259999,81976.89674660625,313
57.50361292000298,82034.40035952625,314
246.7989989399971,82281.19935846624,315
-542.8490091699978,81738.35034929623,316
66.27422399000125,81804.62457328624,317
-278.9545497700042,81525.67002351624,318
-197.46522210999547,81328.20480140625,319
51.08717431999685,81379.29197572624,320
116.69760089000192,81495.98957661624,321
572.6344196299997,82068.62399624624,322
3144.4163454599975,85213.04034170625,323
407.93913238000187,85620.97947408624,324
685.4393292500022,86306.41880333624,325
-594.129451760004,85712.28935157624,326
668.3086898800007,86380.59804145624,327
1781.0042370900019,88161.60227854624,328
-4317.29349142,83844.30878712624,329
939.4952156199975,84783.80400274624,330
-368.3986493200018,84415.40535342623,331
-43.03592761000027,84372.36942581623,332
48.59142990000146,84420.96085571624,333
62.380111690002195,84483.34096740624,334
62.8076087599984,84546.14857616625,335
-224.11229606999996,84322.03628009625,336
-1113.0428519599982,83208.99342813625,337
1752.6340605800006,84961.62748871624,338
98.37828156000069,85060.00577027624,339
98.04217669999571,85158.04794697624,340
-134.58465214999978,85023.46329482624,341
808.3675454399995,85831.83084026624,342
-152.28089161999787,85679.54994864625,343
-602.842602700001,85076.70734594624,344
51.075560640000276,85127.78290658625,345
-31.707526240001698,85096.07538034624,346
229.4753423300035,85325.55072267624,347
475.04690063999806,85800.59762331624,348
1141.59131398,86942.18893729625,349
-305.4600130400013,86636.72892425624,350
94.61927228000013,86731.34819653624,351
502.87659266000264,87234.22478919625,352
211.71928075999995,87445.94406995624,353
-755.9420895000012,86690.00198045623,354
-69.66368929000191,86620.33829116623,355
154.15645778000408,86774.49474894625,356
-177.55489167000405,86596.93985727624,357
-768.2691645200002,85828.67069275625,358
286.13193323000087,86114.80262598624,359
1325.81055165,87440.61317763623,360
-233.46804194999822,87207.14513568624,361
380.4760806599993,87587.62121634625,362
107.7120729100061,87695.33328925625,363
-16.325250240010064,87679.00803901623,364
686.1240655100028,88365.13210452624,365
9382.031854000008,97747.16395852625,366
1210.8718280099893,98958.03578653623,367
-652.8993567199987,98305.13642981624,368
1480.4700602900102,99785.60649010625,369
300.76914243999545,100086.37563254625,370
1808.0374279499938,101894.41306049624,371
1181.3626532500057,103075.77571374625,372
-1102.5646049600027,101973.21110878624,373
1554.7153729900065,103527.92648177625,374
-3380.834551510002,100147.09193026624,375
325.66611453999576,100472.75804480624,376
91.61945974999708,100564.37750455624,377
924.7654530400068,101489.14295759624,378
-1307.9806292800067,100181.16232831623,379
2189.8623064500043,102371.02463476625,380
212.92400492999786,102583.94863969623,381
603.8176335099979,103187.76627320623,382
70.54992516000038,103258.31619836624,383
442.95571021000524,103701.27190857624,384
-303.6108282999985,103397.66108027624,385
1102.841439570001,104500.50251984624,386
2248.956455460002,106749.45897530625,387
-1397.4404429700053,105352.01853233624,388
-3306.5640816000023,102045.45445073624,389
894.8244870500021,102940.27893778624,390
-143.74292412999694,102796.53601365624,391
219.02328187999137,103015.55929553624,392
-491.2241198799902,102524.33517565625,393
1343.864069859993,103868.19924551624,394
675.6151221299979,104543.81436764624,395
1333.6255539100084,105877.43992155624,396
3419.074557209997,109296.51447876624,397
817.4148416199987,110113.92932038623,398
-460.96755132999624,109652.96176905624,399
-635.7185357900044,109017.24323326624,400
1075.0286670500018,110092.27190031623,401
1988.4254855400022,112080.69738585624,402
2496.9277566999917,114577.62514255624,403
2656.1637042200055,117233.78884677624,404
10736.995404980004,127970.78425175624,405
-3021.2022652500054,124949.58198650624,406
10953.067021130002,135902.64900763624,407
2333.5132131999944,138236.16222083624,408
2739.76740076,140975.92962159624,409
-4163.356650699999,136812.57297089623,410
-7033.176466549994,129779.39650434624,411
-944.9415626300024,128834.45494171623,412
12044.26323178,140878.71817349625,413
-2851.9480431,138026.77013039624,414
-194.75681328999963,137832.01331710623,415
-3682.3960318599957,134149.61728524626,416
2623.14227708,136772.75956232625,417
1371.8229821399937,138144.58254446625,418
847.2398121199976,138991.82235658623,419
8068.738288519995,147060.56064510625,419
